1 252
1 306
1 498
1 783
1 163
1 833
1 866
1 115
1 304
1 224
1 775
1 954
1 682
2 829
2 295
2 914
2 622
2 553
2 535
2 282
2 699
2 977
2 838
2 198
2 97
2 532
2 887
2 383
2 819
2 604
2 839
2 528
2 317
2 174
2 58
2 123
3 712
3 403
3 110
3 542
3 262
3 336
3 339
3 512
3 90
3 705
3 408
3 606
3 350
3 365
3 589
3 791
3 917
3 851
3 183
3 348
3 357
3 332
3 708
3 272
3 667
3 398
3 742
4 600
4 970
5 231
6 955
6 63
6 461
6 996
6 842
6 940
6 897
6 950
6 204
6 345
7 179
7 478
7 497
7 34
7 915
7 998
7 771
7 303
7 13
7 57
7 593
7 446
7 436
7 177
7 176
7 732
7 559
7 789
7 824
7 969
7 774
7 797
7 482
8 545
8 964
8 444
8 685
8 237
9 695
9 809
9 777
9 966
9 249
9 129
9 531
9 125
9 325
9 495
9 546
9 888
9 458
9 140
9 445
9 564
9 428
9 898
9 468
9 640
9 292
9 246
9 144
9 284
10 506
10 574
10 245
10 105
10 131
10 529
10 180
10 571
10 976
12 646
12 886
13 303
13 177
13 915
13 34
13 824
13 482
13 593
13 478
13 179
13 57
7 13
13 497
13 441
13 176
13 887
13 317
13 141
13 282
13 767
13 622
13 732
13 774
13 446
13 998
13 123
13 295
14 235
14 893
14 836
14 293
14 116
14 830
14 122
14 203
14 86
14 192
14 48
14 84
15 278
15 656
15 664
15 420
15 523
15 878
15 837
15 394
15 873
15 772
15 919
15 281
15 277
15 53
15 544
15 928
15 308
15 723
15 260
15 973
15 543
15 910
15 379
15 476
15 660
15 979
15 575
15 750
15 393
15 203
16 879
16 21
16 587
16 599
16 61
16 487
16 566
16 319
16 688
16 132
16 576
16 296
16 877
17 668
17 678
17 261
17 846
17 466
17 610
17 101
17 338
17 649
18 766
18 816
18 251
18 268
18 409
19 51
19 987
19 20
19 596
20 987
19 20
20 596
20 51
20 79
20 595
21 599
21 587
21 61
16 21
21 879
21 487
21 662
21 289
21 877
22 584
22 921
22 167
22 616
22 35
22 918
22 552
22 993
22 591
22 321
22 312
22 569
22 226
22 490
22 992
22 505
22 758
22 76
22 669
22 502
22 275
22 217
23 813
23 683
23 59
23 564
23 439
23 138
23 481
23 208
23 956
23 292
23 195
23 642
23 43
24 291
24 972
24 435
24 75
24 197
24 631
24 875
24 900
24 607
24 189
24 415
24 462
24 434
24 865
24 524
24 201
24 1000
24 94
24 891
24 592
24 223
24 849
24 382
24 393
24 709
24 178
24 639
24 690
24 508
24 941
24 500
24 575
24 543
24 703
24 867
24 831
24 359
25 510
25 603
25 216
25 646
25 886
25 621
25 234
25 667
25 307
25 357
25 272
25 936
12 25
25 666
25 145
25 606
25 904
25 471
25 90
25 200
25 219
25 121
25 798
25 183
25 339
25 708
25 791
26 355
26 187
26 330
26 871
26 335
26 486
26 618
26 431
26 84
26 456
26 911
26 831
27 99
27 563
27 778
27 730
27 432
27 907
27 820
27 443
27 229
27 380
27 329
27 661
27 761
27 217
27 647
27 782
27 835
28 133
28 480
28 776
28 98
28 406
28 156
5 28
28 460
28 231
28 671
31 412
31 100
31 721
31 987
31 568
19 31
31 590
31 638
31 270
31 106
31 595
20 31
31 51
32 642
32 475
32 467
32 138
32 407
32 59
32 342
32 567
32 481
32 438
32 158
32 546
32 813
32 43
23 32
32 564
32 119
32 796
32 135
32 906
32 208
32 78
32 608
32 182
32 474
32 413
32 697
33 81
33 42
35 993
35 312
35 616
35 569
35 921
35 321
22 35
35 584
35 552
35 167
35 918
35 505
35 76
35 669
35 275
35 591
35 226
35 490
35 443
35 992
35 502
35 807
35 820
35 217
38 727
38 636
38 232
38 958
38 579
38 397
38 507
38 949
38 92
38 496
38 882
38 736
38 821
38 627
38 285
38 963
38 214
38 633
39 309
39 634
39 331
40 444
40 964
40 909
40 756
40 927
8 40
40 190
40 237
40 511
40 545
40 541
40 279
40 230
40 215
40 856
40 128
40 207
40 685
40 598
40 503
41 502
41 847
41 384
41 472
41 353
41 882
41 55
41 949
41 285
41 321
33 42
42 81
42 924
42 537
42 136
42 130
42 521
42 753
42 638
42 270
43 135
43 481
43 208
43 407
43 906
43 813
43 119
43 138
43 153
43 642
43 475
43 796
43 59
32 43
23 43
43 467
43 438
43 264
43 683
44 416
44 534
44 160
44 283
44 912
44 451
44 670
44 825
44 326
44 218
44 368
44 518
44 385
44 707
44 854
45 785
45 386
45 494
45 388
45 734
45 66
45 698
45 341
45 954
45 934
45 833
45 880
45 870
45 682
46 400
46 437
46 151
46 743
46 320
46 999
47 858
47 236
47 827
47 509
47 874
47 206
47 67
47 215
47 856
47 773
47 414
47 804
47 756
47 780
47 511
47 614
47 927
47 54
47 185
47 573
47 983
47 155
47 89
47 444
40 47
47 805
47 127
47 188
48 86
48 313
48 463
48 781
48 718
48 192
48 235
48 293
49 85
50 314
50 419
50 194
50 276
50 788
50 947
50 433
50 611
50 304
50 163
50 790
50 704
50 775
50 982
50 334
50 779
50 808
11 50
50 459
50 358
50 306
19 51
51 596
20 51
51 987
51 266
53 873
53 656
53 878
53 203
53 910
53 476
53 379
53 772
53 836
53 308
53 837
53 293
53 394
53 277
53 192
53 575
15 53
53 278
54 69
54 154
54 540
54 773
54 414
54 805
54 93
54 929
54 89
54 780
54 103
54 67
54 874
54 827
54 509
54 236
54 391
54 305
54 804
54 155
54 389
47 54
54 206
54 858
54 583
54 185
54 188
54 118
54 652
54 983
54 895
54 327
55 674
55 807
56 822
56 711
56 892
56 551
56 710
56 766
56 268
56 816
18 56
56 114
56 102
56 251
56 784
56 717
57 176
57 593
34 57
57 317
57 774
57 732
59 138
23 59
59 564
59 642
59 813
32 59
59 481
59 546
59 475
59 407
59 467
59 683
59 208
43 59
59 439
59 135
59 342
59 495
59 292
59 125
59 956
60 172
60 747
60 343
60 91
60 860
60 62
60 554
62 91
62 860
62 343
62 861
62 554
62 747
62 744
62 117
62 172
60 62
62 978
62 159
62 657
62 316
62 635
62 902
62 126
62 601
62 549
62 884
62 515
62 819
62 981
62 839
62 529
62 811
62 378
62 528
62 764
62 105
63 996
63 594
6 63
63 173
63 742
63 398
63 724
63 955
63 501
63 408
63 204
63 897
63 959
63 862
63 479
63 452
63 705
63 212
63 461
63 851
63 336
64 73
64 748
64 193
64 951
64 328
64 401
64 486
64 335
65 241
65 881
65 853
65 111
65 271
65 654
65 561
65 823
65 164
65 387
65 863
65 156
65 883
66 734
67 874
67 827
67 414
67 236
67 780
67 858
47 67
67 773
67 155
67 509
67 856
67 215
67 188
54 67
67 206
68 427
68 351
68 161
68 526
68 221
68 311
68 169
68 244
68 148
68 488
68 716
68 424
68 530
68 440
68 691
68 149
69 154
69 929
54 69
69 540
69 391
69 103
69 780
69 414
70 165
70 679
70 602
70 896
70 168
70 702
70 597
71 484
71 247
71 410
64 73
73 193
73 328
73 748
73 951
74 425
74 253
74 609
74 862
74 897
74 365
74 852
74 240
74 984
74 995
74 724
74 703
74 124
74 955
74 867
74 294
74 143
75 435
75 972
75 291
24 75
75 631
75 607
75 189
75 900
75 524
76 669
76 505
76 275
76 569
76 312
76 901
76 993
35 76
76 807
77 967
77 558
77 733
77 997
77 82
77 104
77 297
77 660
77 473
78 182
78 413
79 595
79 233
79 148
20 79
79 221
79 169
79 613
33 81
81 924
42 81
82 104
82 997
82 558
77 82
83 872
83 903
83 795
83 674
83 807
83 684
83 514
83 901
83 361
84 911
84 330
84 612
84 122
84 830
84 108
84 893
26 84
84 550
49 85
85 301
85 944
85 691
85 581
85 319
85 424
85 477
85 828
48 86
86 313
86 781
86 192
86 235
86 463
86 293
86 718
87 930
88 156
88 257
88 832
88 406
88 241
88 460
88 480
88 945
88 889
28 88
88 271
88 580
88 644
88 799
65 88
88 133
88 225
90 606
90 357
90 667
90 512
90 791
90 403
90 339
90 708
90 272
12 90
90 712
90 262
62 91
91 343
91 747
91 860
91 861
91 554
91 172
60 91
91 744
91 117
91 316
91 159
91 635
91 978
92 254
92 841
92 579
92 952
92 746
92 636
72 92
38 92
92 745
92 624
93 540
93 805
93 103
89 93
93 154
54 93
93 895
93 583
69 93
94 1000
94 524
94 831
94 189
94 431
94 631
75 94
94 435
94 607
94 500
94 865
94 122
94 830
94 371
94 330
94 972
94 116
94 291
24 94
94 900
94 690
94 519
94 575
94 893
94 379
94 456
26 94
94 393
94 709
94 910
84 94
94 197
94 415
94 308
95 676
95 726
95 377
95 634
39 95
95 845
95 309
95 362
95 128
95 230
95 279
95 541
87 95
95 673
95 331
95 256
95 250
95 737
95 988
95 963
95 633
95 214
96 714
96 720
96 687
96 857
96 348
98 663
98 671
98 107
98 776
98 133
5 98
98 231
28 98
98 740
98 271
98 396
27 99
99 730
99 217
99 820
100 638
100 270
100 590
100 568
100 412
31 100
100 106
100 721
100 924
101 338
101 715
101 643
101 150
101 818
17 101
101 610
101 678
101 760
101 668
101 261
101 323
101 846
101 466
101 269
101 196
101 388
101 880
101 734
101 287
66 101
101 536
101 649
101 698
101 157
101 785
101 934
45 101
101 310
101 870
102 717
102 360
102 268
102 251
102 766
102 817
18 102
56 102
102 892
102 822
102 327
102 409
102 711
102 816
102 895
102 583
102 551
102 814
102 572
102 710
102 395
102 863
102 164
102 802
102 437
102 114
102 493
103 154
103 540
103 652
103 391
93 103
69 103
103 605
54 103
103 274
82 104
104 997
104 558
106 568
107 663
107 671
98 107
107 231
5 107
107 776
107 763
107 396
107 513
107 740
109 465
109 454
109 582
109 557
109 586
109 768
109 702
109 273
109 139
30 109
109 628
109 968
109 965
109 538
3 110
110 542
110 589
110 705
110 712
110 336
110 851
110 262
110 332
110 403
111 881
111 654
113 452
113 479
113 204
113 803
113 470
113 696
114 551
114 288
114 784
114 937
114 816
114 822
116 836
116 893
116 830
116 379
14 116
116 910
116 122
116 524
116 235
116 575
116 293
116 1000
116 203
116 308
116 189
94 116
53 116
116 607
117 978
117 861
117 744
117 657
117 126
117 554
62 117
117 860
91 117
118 141
118 305
118 389
118 929
119 906
119 796
119 153
120 933
121 183
121 666
121 348
121 350
121 687
96 121
121 272
121 714
121 339
121 720
121 234
121 857
121 262
121 606
121 357
121 542
121 667
121 913
121 793
121 603
121 917
121 403
121 399
90 121
121 936
122 830
122 893
122 330
84 122
122 911
116 122
122 831
14 122
122 431
122 1000
94 122
122 524
123 539
123 887
123 383
123 180
123 977
125 495
126 657
126 978
126 378
117 126
126 861
126 744
126 554
126 528
126 860
126 839
127 864
127 503
127 598
127 588
128 541
128 230
128 726
128 279
128 190
128 673
128 237
128 634
95 128
128 676
128 909
130 136
81 130
130 645
33 130
130 590
130 924
106 130
130 568
130 638
42 130
130 270
130 289
130 453
130 662
100 130
130 719
130 537
130 989
130 753
130 721
130 412
131 571
131 986
131 146
132 319
132 876
133 776
134 686
43 135
136 719
136 537
136 453
130 136
136 753
33 136
136 289
42 136
81 136
136 521
136 877
136 924
136 662
136 645
136 487
137 956
137 195
137 439
137 961
137 683
137 626
137 208
137 813
23 137
137 292
137 689
137 481
43 137
137 564
59 137
140 246
118 141
141 305
141 389
141 188
141 767
141 482
141 155
141 929
141 441
141 780
141 177
13 141
69 141
141 303
141 915
141 414
141 957
142 570
144 445
144 428
146 986
146 571
131 146
146 855
146 227
147 894
147 331
147 988
147 994
147 309
147 939
147 752
147 960
147 333
39 147
147 620
147 562
147 677
147 930
147 337
147 250
87 147
147 634
147 162
147 213
147 426
147 673
149 469
150 818
150 323
150 760
150 715
150 269
150 338
101 150
150 643
152 943
152 932
152 723
152 356
152 277
152 772
152 170
152 651
152 476
152 394
152 731
152 928
152 655
152 369
152 617
152 873
153 906
119 153
135 153
153 796
43 153
153 264
155 188
155 389
155 780
155 305
155 414
88 156
156 241
156 406
156 832
28 156
156 257
156 480
156 460
156 271
156 889
133 156
65 156
157 948
29 157
157 751
157 770
157 423
157 637
157 969
157 196
157 548
36 157
157 243
157 261
157 643
157 998
157 732
157 658
157 619
157 774
157 302
157 760
160 912
161 169
68 161
162 337
162 930
162 980
162 517
162 920
87 162
163 304
163 775
163 276
163 982
163 306
163 611
163 314
163 419
164 863
164 409
70 165
166 908
166 739
112 166
166 258
166 263
166 555
166 375
166 786
166 979
104 166
167 584
168 843
168 340
168 345
70 168
168 679
165 168
168 461
168 294
168 842
168 602
168 352
168 940
168 850
168 950
168 578
168 672
168 702
143 168
168 896
168 995
168 955
11 168
6 168
168 597
168 557
168 897
168 459
169 221
161 169
148 169
169 427
68 169
169 922
79 169
169 311
169 449
169 530
169 526
169 351
169 716
169 233
169 489
169 613
169 244
169 488
169 595
169 424
169 885
20 169
170 731
170 655
171 585
171 923
171 570
171 835
171 380
171 661
171 322
171 647
142 171
171 229
171 907
171 761
171 432
171 615
171 191
60 172
172 747
172 343
91 172
173 724
173 408
173 742
173 398
173 594
174 604
174 905
175 700
175 953
175 931
175 286
175 787
175 581
175 457
175 828
175 944
175 812
175 905
175 477
176 774
57 176
176 732
176 969
176 548
176 317
176 593
13 177
177 303
177 482
177 915
177 824
34 177
177 478
177 593
177 179
7 177
177 441
57 177
141 177
178 382
178 639
178 592
178 703
178 867
178 875
178 240
178 462
178 849
178 197
178 415
178 984
178 425
178 508
124 178
7 179
179 478
34 179
179 497
179 915
179 303
57 179
13 179
179 593
179 998
177 179
176 179
179 824
179 732
180 539
123 180
180 245
180 383
180 441
10 180
180 767
180 957
180 887
180 764
180 811
180 574
180 529
180 977
181 315
181 373
181 632
181 485
181 442
181 728
181 411
181 324
181 390
181 417
181 284
181 640
181 925
181 550
181 447
181 938
181 888
181 205
181 718
181 468
181 653
78 182
182 413
182 438
158 182
182 474
182 483
182 796
182 264
121 183
183 350
183 348
184 942
184 299
184 483
185 983
185 804
185 802
185 625
89 185
185 493
185 395
185 206
185 805
185 583
185 327
185 509
185 773
185 614
37 186
186 876
187 335
187 871
187 486
187 355
26 187
187 618
187 951
187 748
187 844
187 757
187 401
187 491
187 456
64 187
189 607
189 631
189 524
189 1000
189 435
75 189
189 900
94 189
190 909
190 541
190 230
190 237
190 964
190 279
128 190
40 190
190 444
8 190
190 726
191 615
191 761
191 647
191 322
191 259
192 293
192 781
192 203
86 192
192 476
48 192
192 235
192 836
192 313
14 192
192 463
192 943
53 192
192 873
192 772
192 718
192 893
152 192
192 277
116 192
73 193
193 328
64 193
193 748
193 299
193 413
193 844
78 193
182 193
184 193
193 951
193 629
193 474
193 942
193 401
193 335
193 486
193 483
193 264
193 871
193 706
187 193
193 438
193 757
193 974
158 193
193 810
193 796
193 618
194 947
194 314
50 194
194 611
194 419
194 276
194 334
194 788
194 775
194 982
194 304
163 194
194 433
194 790
195 956
195 439
137 195
195 683
195 961
195 626
195 292
23 195
195 689
195 813
197 875
197 462
197 291
24 197
197 415
197 972
197 592
197 382
178 197
197 849
197 639
75 197
197 435
197 434
197 508
197 703
197 867
197 631
197 709
197 941
197 865
197 900
197 240
197 690
197 891
197 607
197 729
197 359
198 699
198 553
198 838
198 977
198 383
198 819
198 622
2 198
198 764
198 282
198 914
198 295
198 981
198 829
198 539
198 811
198 887
123 198
200 471
200 290
200 347
200 621
200 869
200 971
200 886
12 200
200 729
200 359
200 370
145 200
200 646
200 219
201 223
201 891
201 900
201 543
201 755
201 393
201 434
201 372
201 607
201 631
201 972
201 538
24 201
201 575
201 291
201 916
201 435
189 201
75 201
201 308
201 837
201 222
201 544
201 965
197 201
201 420
202 737
203 293
203 836
192 203
203 476
53 203
203 235
203 873
14 203
203 910
203 781
86 203
203 379
116 203
203 772
203 656
48 203
203 893
203 878
203 277
203 943
203 308
203 394
203 313
203 575
152 203
203 837
203 723
203 830
203 463
203 278
204 479
204 452
113 204
204 803
204 696
205 938
206 509
206 804
47 206
206 773
206 858
185 206
206 983
206 614
206 236
206 827
206 874
206 573
89 206
67 206
206 625
206 802
206 805
206 414
208 813
208 481
43 208
135 208
23 208
208 407
138 208
59 208
208 956
208 906
208 683
208 642
137 208
208 439
119 208
153 208
195 208
32 208
208 475
208 564
209 741
209 648
209 707
72 209
209 746
209 385
209 841
209 254
209 854
209 326
209 451
209 735
209 624
209 670
209 952
209 368
92 209
209 745
209 416
211 242
211 255
211 962
211 396
211 363
211 231
5 211
211 754
211 776
133 211
211 693
211 671
107 211
213 960
213 801
213 677
213 939
213 333
214 633
214 627
214 963
214 736
214 362
214 507
214 397
214 377
202 214
214 737
214 958
214 496
215 856
217 992
217 730
99 217
217 758
217 552
217 918
27 217
217 616
217 921
217 782
217 820
217 591
217 993
22 217
217 443
217 490
217 815
218 518
145 219
219 484
71 219
219 904
219 247
219 798
219 800
219 504
219 794
219 621
219 410
219 971
219 810
200 219
219 471
219 650
219 290
219 220
220 247
220 491
220 456
220 504
220 519
220 800
220 484
169 221
148 221
221 427
161 221
68 221
221 311
79 221
221 922
221 716
221 351
221 526
221 449
221 530
221 233
221 613
221 424
221 244
222 916
222 628
222 228
222 968
222 538
223 891
201 223
223 755
223 434
223 372
223 543
223 900
223 538
223 393
223 916
224 866
224 783
224 252
224 349
115 224
1 224
224 926
224 885
224 806
224 489
225 346
225 580
225 686
134 225
225 991
225 759
225 945
225 300
225 644
225 455
225 692
225 387
225 722
225 561
225 834
225 832
225 799
225 853
225 823
227 855
227 986
230 541
230 279
128 230
190 230
230 726
230 237
230 909
230 676
95 230
230 845
5 231
231 776
231 671
231 396
133 231
107 231
211 231
98 231
231 255
231 663
28 231
231 962
231 242
231 763
231 513
231 693
234 936
216 234
234 666
14 235
235 293
235 893
235 836
86 235
48 235
192 235
203 235
116 235
235 830
235 313
235 781
122 235
236 858
236 827
47 236
236 874
67 236
236 509
215 236
236 856
236 414
236 773
206 236
236 780
236 756
236 511
155 236
236 804
54 236
236 927
188 236
127 236
236 389
89 236
236 614
236 929
185 236
236 305
236 983
236 444
236 805
40 236
69 236
236 573
236 503
190 237
237 909
237 964
237 541
8 237
128 237
230 237
40 237
237 444
237 685
237 279
237 673
237 765
237 655
237 617
237 545
237 731
237 726
170 237
237 756
237 651
237 927
237 250
237 634
237 725
237 511
237 676
95 237
240 703
240 425
240 984
240 639
178 240
240 382
240 592
240 867
156 241
65 241
88 241
241 832
241 271
241 257
241 853
241 945
241 580
225 241
241 561
241 346
28 241
241 406
241 387
241 823
241 881
241 300
111 241
241 460
242 754
242 363
211 242
242 962
242 255
243 619
243 658
243 423
243 770
243 457
36 243
243 302
243 430
243 985
243 812
29 243
243 931
157 243
243 953
243 548
243 787
243 261
243 469
243 969
243 700
10 245
105 245
245 529
245 506
245 811
180 245
245 764
245 574
245 981
245 539
245 383
245 902
245 635
123 245
245 515
159 245
131 245
245 957
247 484
247 504
71 247
247 800
220 247
247 810
247 410
219 247
247 491
247 519
247 971
247 456
247 401
145 247
247 794
247 618
247 371
247 370
247 798
247 951
247 690
247 748
247 500
248 422
202 248
248 737
248 318
248 256
248 320
248 743
248 659
248 362
248 496
214 248
248 633
248 507
248 397
248 845
248 377
248 627
46 248
248 963
250 620
250 677
250 673
250 939
250 634
250 331
250 765
39 250
250 960
250 309
251 268
18 251
251 766
251 409
251 816
102 251
251 863
251 551
56 251
164 251
251 360
251 822
251 717
253 609
254 841
254 746
72 254
92 254
255 962
211 255
242 255
256 737
256 422
202 256
256 362
248 256
256 845
256 318
256 659
256 377
214 256
256 676
256 633
256 573
256 320
95 256
256 743
256 614
256 279
256 496
256 507
256 627
256 963
256 397
257 832
88 257
257 945
156 257
257 406
166 258
112 258
258 739
258 908
258 555
258 979
258 660
258 919
258 786
191 259
259 329
259 615
259 761
259 899
259 647
259 322
259 661
246 259
259 367
259 563
259 689
259 923
140 259
259 380
259 778
259 547
259 626
259 907
260 973
260 750
260 267
260 544
260 935
260 374
260 420
260 523
260 979
30 260
260 965
260 786
139 260
260 919
260 555
15 260
260 586
260 310
261 668
262 339
262 542
263 375
263 908
263 739
263 637
166 263
112 263
196 263
263 751
263 771
258 263
263 436
263 760
263 555
264 483
264 796
264 942
119 264
184 264
264 438
182 264
264 906
153 264
264 299
264 413
265 448
265 806
265 934
115 265
265 682
265 536
265 954
265 287
266 926
266 596
266 533
51 266
266 641
266 349
224 266
20 266
19 266
266 783
266 922
266 866
266 489
267 750
267 935
267 973
260 267
267 374
30 267
267 310
267 586
139 267
267 965
251 268
268 766
18 268
268 816
102 268
268 409
56 268
268 822
268 551
268 711
269 323
150 269
269 818
269 374
269 935
269 715
269 310
269 880
269 786
269 760
269 555
267 269
269 870
269 979
269 698
101 269
269 338
269 643
269 973
269 388
196 269
260 269
270 638
272 606
272 357
272 667
272 666
272 339
183 272
90 272
272 603
272 646
121 272
262 272
25 272
272 403
272 350
234 272
12 272
272 348
272 886
272 510
272 791
272 512
272 542
272 712
272 708
216 272
3 272
272 936
273 557
273 597
273 582
273 392
109 273
273 465
273 896
273 702
274 391
274 429
274 652
275 669
76 275
275 807
275 505
275 569
275 674
275 312
275 321
55 275
35 275
275 993
275 901
275 903
275 616
275 921
275 872
22 275
83 275
275 514
276 419
276 314
163 276
50 276
276 304
276 704
276 775
276 790
194 276
276 947
276 611
276 306
276 982
276 788
276 808
277 772
277 394
277 723
277 873
277 278
152 277
277 664
277 943
277 928
277 476
277 656
277 356
53 277
278 664
230 279
279 541
190 279
128 279
279 845
279 726
279 676
279 909
95 279
237 279
279 964
280 808
281 660
281 664
281 928
281 919
278 281
281 665
281 523
281 967
282 622
282 977
282 838
282 887
282 295
282 553
2 282
282 699
282 829
198 282
123 282
282 383
282 914
282 539
282 535
282 824
282 441
282 764
97 282
282 819
180 282
282 317
282 593
282 532
282 981
282 811
283 825
44 283
283 518
283 416
218 283
160 283
283 534
283 912
283 451
284 888
284 417
284 468
284 485
284 632
284 531
285 882
55 285
232 285
285 520
286 905
286 381
175 286
286 840
286 604
286 464
286 700
174 286
286 944
286 931
286 532
286 787
286 581
286 953
286 354
97 286
37 286
286 876
286 828
287 536
288 937
288 418
114 288
288 404
288 883
288 551
288 492
288 344
288 975
288 522
288 816
288 364
288 738
18 288
288 740
288 766
288 516
288 863
288 675
288 784
120 288
288 822
268 288
288 711
56 288
251 288
288 933
164 288
24 291
291 972
291 435
75 291
197 291
292 439
292 495
292 683
292 626
125 292
203 293
293 836
192 293
235 293
14 293
86 293
293 476
48 293
293 781
293 893
53 293
116 293
294 340
294 995
143 294
294 843
294 352
294 955
294 609
253 294
294 897
168 294
294 345
294 461
124 294
294 850
294 679
74 294
6 294
228 294
294 862
2 295
295 829
295 622
282 295
295 914
295 553
295 535
295 977
295 838
295 699
198 295
97 295
295 887
295 532
295 383
295 317
123 295
58 295
295 824
295 819
295 604
295 539
295 839
295 528
295 593
174 295
295 764
57 295
295 981
297 473
297 558
77 297
297 725
297 967
297 733
297 997
297 499
207 297
297 366
82 297
297 545
104 297
297 598
297 665
297 588
297 503
297 369
297 685
297 660
8 297
297 797
297 617
297 559
297 651
297 789
297 927
297 864
297 928
297 356
127 297
297 511
281 297
112 297
297 444
297 446
297 655
298 890
298 560
298 692
298 713
298 834
146 298
298 986
298 571
298 455
131 298
298 759
298 855
227 298
184 299
299 942
299 328
299 483
193 299
264 299
299 974
73 299
300 722
300 387
300 561
300 823
300 346
300 991
36 302
302 812
302 770
302 548
302 787
302 774
29 302
243 302
302 969
302 931
302 619
302 732
58 302
302 658
176 302
302 457
302 317
302 423
157 302
302 953
57 302
302 948
302 700
175 302
13 303
177 303
303 915
34 303
303 824
303 482
303 593
303 478
179 303
7 303
57 303
303 497
176 303
303 441
163 304
304 775
304 982
304 611
276 304
304 314
304 419
304 947
304 334
304 306
305 389
188 305
155 305
141 305
118 305
305 929
305 780
1 306
306 704
163 306
280 306
276 306
304 306
306 790
306 498
306 808
306 419
306 775
252 306
306 833
306 392
306 783
306 982
306 459
306 314
306 341
306 611
50 306
11 306
306 866
216 307
307 510
307 904
307 936
25 307
307 650
234 307
307 798
145 307
307 603
308 575
308 379
308 910
308 837
308 393
308 878
308 543
53 308
308 656
308 607
308 900
116 308
189 308
39 309
309 331
309 988
309 634
147 309
310 870
310 880
310 698
310 935
267 310
269 310
310 586
310 374
310 323
30 310
311 716
311 427
311 424
148 311
68 311
311 351
312 569
35 312
312 993
312 321
312 616
312 921
312 505
22 312
76 312
312 669
275 312
312 584
312 552
167 312
312 918
312 591
312 807
312 443
312 674
315 373
181 315
315 728
315 485
315 324
315 632
315 390
315 442
315 550
315 411
315 417
284 315
315 925
315 653
108 315
315 718
315 612
58 317
318 659
318 320
318 422
248 318
318 743
132 319
319 876
319 464
37 319
186 319
16 319
319 879
85 319
319 944
319 587
21 319
319 354
49 319
319 599
80 319
319 565
319 566
301 319
319 381
320 743
318 320
312 321
35 321
321 569
321 993
22 321
321 584
321 921
321 616
275 321
167 321
76 321
321 505
321 669
321 552
322 615
191 322
322 923
322 647
322 761
322 661
171 322
322 380
259 322
322 585
322 329
322 835
322 907
322 432
322 570
269 323
150 323
323 818
324 390
324 373
324 728
315 324
324 550
324 411
324 442
324 925
324 718
181 324
129 325
325 531
325 966
325 640
325 809
325 695
9 325
326 451
326 670
326 385
326 416
326 707
326 534
44 326
326 912
326 368
326 854
209 326
160 326
327 583
327 895
329 563
259 329
329 761
329 778
191 329
329 899
329 647
329 661
330 431
122 330
26 330
84 330
330 831
330 911
330 830
147 331
309 331
331 988
331 894
39 331
331 939
331 994
331 752
331 620
250 331
331 677
331 960
331 634
331 333
87 331
331 930
332 851
212 332
332 705
332 421
332 792
332 681
333 752
333 960
333 939
333 562
213 333
333 426
333 620
333 677
147 333
333 994
333 894
331 333
333 801
250 333
333 988
333 447
309 333
39 333
334 611
334 947
334 982
334 775
334 641
304 334
194 334
334 533
314 334
334 349
163 334
276 334
50 334
334 419
335 486
187 335
335 871
335 355
336 408
336 705
336 712
3 336
336 365
173 336
336 398
110 336
336 742
336 724
336 851
162 337
337 930
337 980
337 994
337 894
337 450
337 517
337 988
337 361
337 920
147 337
87 337
101 338
338 715
338 643
150 338
338 818
338 760
17 338
338 678
338 668
338 610
261 338
323 338
262 339
339 403
183 339
339 606
272 339
339 350
339 542
90 339
339 348
339 357
339 712
3 339
340 843
168 340
294 340
340 345
340 352
340 679
143 340
340 461
340 995
340 850
341 494
341 386
341 392
341 833
341 498
45 341
341 785
341 954
341 682
273 341
341 388
341 734
66 341
342 567
158 342
342 467
342 475
342 474
342 438
32 342
78 342
342 642
342 608
182 342
342 413
342 407
138 342
342 629
342 697
342 706
342 796
343 747
91 343
62 343
172 343
60 343
344 492
344 364
344 738
344 522
344 937
344 418
344 975
120 344
344 933
344 740
288 344
344 769
345 461
345 843
168 345
345 842
340 345
345 940
345 950
345 672
294 345
345 578
345 955
6 345
70 345
165 345
345 679
345 602
345 696
345 352
345 897
345 995
345 470
143 345
345 556
225 346
346 686
134 346
346 580
346 991
300 346
347 869
290 347
200 347
347 471
347 729
347 359
347 984
347 941
347 370
12 347
347 508
347 971
347 852
347 708
347 621
347 886
347 849
347 709
347 791
240 347
347 425
347 646
347 415
347 462
348 350
348 714
96 348
183 348
348 687
121 348
348 720
348 857
348 913
339 348
348 917
348 399
348 542
262 348
348 793
348 666
272 348
348 403
348 606
3 348
349 533
349 783
349 641
349 982
244 351
68 351
351 427
351 488
351 526
311 351
351 716
351 691
351 424
161 351
149 351
351 469
351 440
221 351
148 351
169 351
351 762
351 477
351 530
49 351
351 828
301 351
351 985
143 352
352 850
352 995
124 352
228 352
294 352
340 352
352 679
352 968
352 609
253 352
352 843
222 352
168 352
352 867
352 628
352 916
352 702
345 352
70 352
352 955
353 384
37 354
354 840
186 354
354 381
354 876
354 565
354 378
354 464
187 355
355 486
355 618
335 355
26 355
355 871
355 951
355 456
355 491
355 401
355 748
355 431
330 355
355 371
355 844
355 757
220 355
64 355
355 831
355 519
355 500
84 355
355 911
73 355
355 706
355 612
355 629
108 355
355 810
193 355
122 355
247 355
355 410
356 369
356 651
356 723
152 356
356 617
356 665
356 928
356 932
356 655
170 356
356 731
356 943
277 356
356 473
356 685
356 725
356 733
356 394
356 772
356 664
278 356
281 356
356 967
77 356
356 476
356 765
356 873
297 356
356 660
8 356
356 545
357 667
357 606
90 357
357 646
272 357
358 556
358 527
358 779
358 433
358 470
358 803
358 696
358 788
358 672
358 578
359 941
359 729
359 370
359 508
359 709
359 869
290 359
359 971
359 690
359 849
347 359
359 415
359 462
200 359
359 865
359 471
359 984
359 800
359 504
359 592
359 519
359 639
359 875
359 382
197 359
178 359
240 359
359 500
359 703
247 359
359 371
360 717
102 360
360 817
362 377
362 737
202 362
362 633
214 362
256 362
362 676
362 845
362 422
95 362
362 963
248 362
362 627
363 754
242 363
364 738
364 492
344 364
120 364
364 740
364 933
364 418
365 862
336 365
365 512
365 408
74 365
365 852
365 724
365 791
365 712
365 708
173 365
3 365
365 425
365 403
365 897
90 365
365 398
365 609
365 742
253 365
365 984
110 365
365 705
366 499
366 588
366 598
366 503
207 366
366 797
366 864
366 789
366 559
297 366
246 367
367 689
140 367
367 899
367 626
292 367
368 854
368 670
368 912
368 745
368 451
368 385
368 534
369 665
356 369
369 651
369 473
369 733
369 725
369 617
369 928
369 685
369 723
369 655
369 967
152 369
170 369
77 369
369 932
369 731
359 370
370 971
370 941
370 709
370 729
370 690
370 508
290 370
370 869
370 800
370 504
370 415
370 865
347 370
200 370
370 519
370 849
370 471
370 462
370 500
247 370
220 370
370 371
370 484
370 984
219 370
370 592
370 875
197 370
371 500
371 519
371 456
371 431
371 831
371 865
220 371
371 690
371 491
371 618
355 371
94 371
26 371
371 504
330 371
371 800
371 709
371 1000
371 401
247 371
371 486
370 371
371 971
187 371
335 371
371 951
371 524
371 484
371 941
75 371
359 371
371 435
122 371
371 748
372 755
372 538
372 965
223 372
372 891
201 372
139 372
372 768
372 916
372 544
372 543
372 434
30 372
372 628
222 372
315 373
374 935
267 374
374 786
269 374
374 973
374 979
260 374
374 750
323 374
374 555
310 374
150 374
374 818
30 374
374 880
374 523
374 870
374 919
374 544
374 760
374 586
258 374
374 715
374 698
166 374
374 965
374 908
139 374
263 375
375 637
375 739
375 436
375 771
375 908
112 375
166 375
376 868
239 376
376 974
362 377
95 377
377 676
377 963
377 633
214 377
377 627
87 377
377 737
39 377
377 736
202 377
377 845
256 377
377 726
377 634
309 377
377 630
126 378
378 657
4 378
378 978
354 378
378 600
117 378
379 910
308 379
379 575
116 379
53 379
379 878
379 836
379 837
379 393
203 379
379 656
379 607
189 379
380 661
381 840
286 381
381 905
354 381
381 464
174 381
381 604
37 381
381 876
186 381
381 532
381 528
175 381
378 381
132 381
381 944
178 382
382 639
382 592
382 703
353 384
384 847
385 707
326 385
385 451
385 854
385 670
209 385
386 494
45 386
341 386
386 785
386 833
386 388
386 734
386 954
66 386
386 498
386 392
386 682
386 698
386 934
387 561
387 823
387 722
300 387
387 853
387 605
387 654
388 734
388 785
45 388
66 388
388 698
388 880
305 389
188 389
155 389
141 389
389 780
118 389
389 929
389 414
324 390
390 411
373 390
390 442
390 925
390 718
315 390
390 728
313 390
390 550
48 390
181 390
390 463
86 390
390 447
235 390
274 391
391 652
341 392
392 498
392 597
392 494
280 392
392 833
273 392
386 392
392 896
306 392
392 808
277 394
394 772
278 394
394 664
394 723
394 873
394 656
394 928
15 394
152 394
394 476
53 394
394 943
281 394
394 878
356 394
394 665
369 394
203 394
394 523
394 932
394 837
394 919
395 802
395 493
395 625
395 983
185 395
395 817
395 659
395 804
327 395
320 395
360 395
395 583
395 614
395 717
318 395
395 400
395 743
89 395
395 437
395 573
206 395
46 395
102 395
395 805
395 895
395 509
395 422
231 396
5 396
255 396
396 671
211 396
396 776
396 962
107 396
396 693
396 763
396 513
242 396
133 396
396 663
397 507
397 958
397 496
397 727
397 636
214 397
397 633
397 736
397 627
38 397
397 963
202 397
248 397
397 821
362 397
232 397
397 737
397 630
377 397
397 422
397 579
256 397
92 397
398 742
398 594
173 398
398 408
398 705
398 851
398 501
398 996
336 398
63 398
398 724
212 398
332 398
398 862
399 913
399 917
399 793
399 714
399 720
96 399
399 857
400 437
46 400
151 400
400 743
320 400
400 817
395 400
400 892
318 400
400 493
400 999
400 659
401 951
401 491
401 748
401 618
401 486
335 401
401 456
355 401
220 401
64 401
401 810
187 401
401 410
73 401
247 401
401 871
26 401
71 401
193 401
401 519
401 484
371 401
401 504
401 844
401 800
328 401
401 500
402 701
402 694
402 970
402 623
402 600
4 402
402 565
80 402
378 402
186 402
404 883
407 475
407 481
43 407
138 407
407 642
32 407
119 407
407 906
135 407
407 467
407 796
407 438
59 407
407 813
336 408
173 408
408 724
398 408
408 742
408 594
408 705
365 408
408 862
408 851
408 712
3 408
110 408
63 408
408 996
408 897
408 501
332 408
212 408
408 512
74 408
403 408
408 955
251 409
164 409
409 863
18 409
409 572
268 409
409 814
410 810
411 925
411 442
411 718
390 411
78 413
182 413
413 438
413 474
158 413
413 483
264 413
342 413
193 413
413 629
413 567
413 796
328 413
67 414
414 780
414 874
414 827
236 414
414 773
54 414
155 414
414 858
414 929
47 414
188 414
414 509
69 414
305 414
389 414
415 462
415 849
415 508
415 941
197 415
415 875
415 709
415 592
359 415
415 729
415 639
382 415
178 415
415 690
415 865
291 415
24 415
370 415
415 972
415 703
75 415
415 435
240 415
415 984
415 869
415 867
415 971
290 415
415 500
347 415
415 631
415 519
415 434
415 425
416 534
44 416
416 451
416 670
326 416
416 912
160 416
283 416
385 416
368 416
416 707
416 825
284 417
417 468
417 485
417 632
417 888
418 937
288 418
418 492
344 418
364 418
418 522
418 975
418 738
404 418
418 883
276 419
314 419
50 419
420 544
15 420
420 837
260 420
420 523
420 973
420 878
420 543
420 750
420 656
420 755
308 420
278 420
372 420
421 792
421 681
248 422
422 737
202 422
256 422
318 422
422 659
320 422
362 422
422 743
422 845
214 422
422 633
422 573
422 496
377 422
422 507
422 614
424 716
311 424
424 691
426 801
68 427
311 427
221 427
351 427
148 427
427 716
169 427
161 427
244 427
427 526
424 427
427 488
427 691
428 898
428 458
430 985
430 658
430 469
423 430
149 430
430 762
430 619
243 430
430 440
430 457
430 488
261 430
430 668
431 831
330 431
432 907
229 432
380 432
433 779
433 788
358 433
433 556
433 527
50 433
11 433
433 578
419 433
433 790
433 672
433 459
276 433
433 808
314 433
433 704
433 470
194 433
433 696
433 803
433 602
434 891
223 434
434 916
201 434
222 434
197 434
434 755
434 538
24 434
291 434
434 900
434 972
434 875
372 434
228 434
434 435
434 628
434 867
75 434
75 435
435 972
400 437
46 437
151 437
439 683
195 439
439 956
440 762
440 488
441 767
123 441
411 442
442 925
373 442
390 442
442 718
442 447
181 442
324 442
315 442
313 442
442 463
442 728
442 632
48 442
442 485
442 938
426 442
442 550
86 442
442 801
443 820
443 778
443 848
443 505
99 443
27 443
443 563
76 443
443 669
443 993
443 547
443 616
443 898
443 901
428 443
312 443
144 443
443 569
35 443
443 458
40 444
144 445
428 445
445 898
446 789
446 559
446 797
446 864
446 588
436 446
446 497
366 446
446 478
446 499
127 446
7 446
446 771
446 915
179 446
446 503
446 598
207 446
446 997
82 446
34 446
303 446
104 446
375 446
446 998
177 446
13 446
446 558
446 482
297 446
447 925
426 447
442 447
447 562
411 447
447 718
447 801
447 463
447 938
333 447
447 752
447 960
313 447
213 447
265 448
448 806
448 934
115 448
448 682
448 954
448 536
287 448
66 448
448 649
448 734
252 448
448 833
448 885
448 866
448 610
448 466
448 846
448 498
449 489
449 922
449 885
449 530
161 449
169 449
221 449
449 526
449 806
68 449
427 449
148 449
265 449
79 449
449 866
440 449
448 449
449 488
449 649
224 449
351 449
449 536
449 762
115 449
361 450
450 980
450 684
450 517
450 795
337 450
162 450
450 920
450 930
450 938
450 994
205 450
450 872
450 520
450 894
450 903
83 450
450 988
450 630
87 450
450 562
147 450
450 821
451 670
451 534
326 451
416 451
452 479
204 452
113 452
289 453
109 454
454 465
454 582
454 768
454 586
139 454
454 557
454 628
30 454
454 968
454 702
454 965
454 538
273 454
457 953
457 619
457 658
457 931
243 457
428 458
458 898
144 458
445 458
458 547
458 848
11 459
459 808
459 790
280 459
459 704
459 602
459 896
459 597
406 460
460 480
460 889
28 460
88 460
156 460
257 460
133 460
460 832
415 462
462 849
462 875
462 592
197 462
462 508
462 639
382 462
178 462
462 941
462 703
462 709
462 729
291 462
24 462
359 462
240 462
462 984
462 972
462 867
462 865
462 690
370 462
75 462
462 869
435 462
425 462
434 462
464 876
37 464
132 464
319 464
381 464
186 464
286 464
354 464
464 840
464 944
464 905
464 581
175 464
85 464
464 565
464 700
49 464
109 465
454 465
465 582
465 557
465 702
465 768
465 586
465 968
465 628
273 465
139 465
30 465
465 538
465 679
465 965
222 465
465 850
228 465
465 916
70 465
465 597
165 465
465 896
465 870
466 846
466 678
466 649
466 610
17 466
287 466
466 668
466 536
261 466
101 466
338 466
265 466
66 466
466 934
448 466
466 734
467 475
32 467
467 642
342 467
467 567
138 467
158 467
407 467
284 468
468 888
417 468
468 697
468 531
468 653
468 608
468 485
468 632
468 546
249 468
129 468
468 777
468 640
468 567
468 695
9 468
342 468
315 468
468 728
149 469
469 762
469 985
469 488
440 469
430 469
244 469
469 477
351 469
469 526
469 828
457 469
469 658
469 953
469 619
68 469
423 469
469 691
469 581
243 469
470 696
470 803
470 556
358 470
200 471
290 471
347 471
471 621
471 886
471 869
12 471
471 971
471 729
471 646
359 471
370 471
145 471
219 471
471 708
471 941
471 800
471 603
471 504
471 667
25 471
471 508
471 791
471 984
471 852
357 471
471 510
471 484
471 709
247 471
471 904
90 471
471 849
471 606
71 471
471 512
471 690
472 847
472 990
472 680
472 826
384 472
199 472
353 472
472 624
472 735
41 472
472 502
472 949
472 882
473 725
473 733
473 665
369 473
297 473
473 967
467 475
32 475
475 642
407 475
138 475
342 475
438 475
475 567
158 475
475 481
59 475
475 796
119 475
43 475
182 475
78 475
475 906
135 475
475 813
474 475
413 475
475 546
23 475
208 475
264 475
475 608
475 483
475 564
153 475
475 697
203 476
476 873
192 476
476 772
53 476
476 943
277 476
477 828
477 581
477 953
49 477
469 477
149 477
477 691
477 944
244 477
477 700
7 478
179 478
478 915
478 497
34 478
303 478
13 478
452 479
204 479
113 479
479 803
479 696
470 479
479 996
479 959
6 479
479 950
479 940
63 479
479 842
479 556
460 480
406 480
480 889
28 480
133 480
156 480
264 483
483 796
483 942
184 483
119 483
182 483
438 483
299 483
413 483
78 483
483 906
153 483
328 483
407 483
475 483
135 483
158 483
193 483
474 483
43 483
467 483
342 483
483 567
32 483
483 642
73 483
481 483
138 483
483 629
64 483
485 632
335 486
187 486
486 951
355 486
486 618
486 871
486 748
401 486
486 491
26 486
456 486
64 486
486 844
486 757
73 486
487 877
487 576
61 487
21 487
487 688
16 487
487 599
453 487
487 879
487 946
487 587
289 487
487 719
487 566
296 487
487 662
487 989
136 487
488 526
440 488
149 488
488 762
351 488
469 488
489 885
449 489
489 922
489 530
226 490
490 591
167 490
490 918
490 584
490 552
22 490
490 758
490 992
490 921
490 616
35 490
490 993
321 490
491 618
456 491
401 491
220 491
364 492
344 492
492 738
418 492
492 740
120 492
492 937
492 933
492 522
492 975
288 492
492 769
492 883
404 492
492 663
405 492
492 749
107 492
492 516
492 763
114 492
52 492
492 513
98 492
492 675
492 671
492 551
493 802
493 625
395 493
386 494
341 494
45 494
494 833
494 785
494 498
494 954
392 494
388 494
494 734
494 682
66 494
494 934
494 698
494 870
273 494
494 880
115 494
448 494
265 494
1 494
494 597
280 494
287 494
306 494
252 494
494 582
125 495
496 507
397 496
496 636
496 958
496 727
214 496
496 633
248 496
202 496
496 627
38 496
496 736
422 496
496 737
496 743
496 963
362 496
496 999
256 496
7 497
478 497
179 497
498 833
341 498
366 499
499 588
499 598
207 499
499 503
499 797
499 789
297 499
499 864
499 559
499 997
499 558
127 499
446 499
371 500
500 519
500 865
500 690
500 831
456 500
431 500
503 598
207 503
503 588
366 503
127 503
504 800
247 504
484 504
220 504
504 971
71 504
504 519
219 504
370 504
504 810
491 504
504 690
410 504
456 504
290 504
371 504
359 504
504 709
145 504
500 504
200 504
401 504
504 941
471 504
504 865
504 729
504 618
504 794
504 508
504 869
504 621
504 798
347 504
76 505
505 669
505 569
275 505
312 505
505 993
35 505
505 901
321 505
505 616
10 506
105 506
506 574
245 506
131 506
506 571
506 529
506 515
506 549
506 811
506 635
146 506
506 986
159 506
506 976
506 981
506 902
180 506
506 764
506 855
316 506
227 506
506 601
506 957
506 713
506 539
397 507
496 507
507 958
507 727
214 507
507 633
507 627
507 736
507 636
507 963
38 507
202 507
248 507
362 507
507 737
507 821
422 507
377 507
232 507
508 941
508 729
508 849
359 508
415 508
508 709
462 508
370 508
508 869
206 509
47 509
509 773
509 858
509 827
236 509
509 804
509 874
67 509
185 509
414 509
509 983
89 509
509 614
509 805
215 509
54 509
509 856
509 573
509 780
509 625
25 510
510 603
216 510
307 510
234 510
510 646
510 886
510 621
510 936
510 904
145 510
510 667
357 510
272 510
510 666
12 510
510 606
510 798
471 510
219 510
200 510
511 927
511 756
215 511
511 856
503 511
511 598
444 511
207 511
40 511
127 511
511 545
512 791
512 708
90 512
403 512
512 712
512 606
365 512
513 763
514 901
144 514
445 514
514 848
516 675
516 975
218 518
371 519
500 519
220 519
456 519
519 690
504 519
519 800
519 865
491 519
247 519
519 709
519 971
370 519
519 618
431 519
519 831
484 519
401 519
359 519
519 941
355 519
94 519
71 519
519 810
26 519
486 519
508 519
519 951
519 729
415 519
410 519
290 519
519 1000
330 519
335 519
187 519
219 519
519 748
75 519
435 519
517 520
285 520
520 821
520 920
232 520
521 537
521 753
521 719
136 521
42 521
523 919
15 523
524 1000
238 525
525 859
525 681
525 792
421 525
488 526
68 526
440 526
161 526
351 526
358 527
527 556
527 779
470 527
433 527
527 803
527 788
527 696
528 839
174 528
528 819
528 914
528 978
528 604
126 528
117 528
528 744
528 699
528 532
528 905
198 528
2 528
528 553
528 840
528 861
528 829
528 657
378 528
381 528
295 528
528 535
528 838
97 528
528 977
528 764
528 981
354 528
528 622
528 902
383 528
528 811
282 528
62 528
286 528
528 554
449 530
161 530
526 530
489 530
530 885
530 922
169 530
68 530
440 530
488 530
221 530
530 762
533 641
349 533
533 982
334 533
533 775
533 611
533 926
533 783
416 534
451 534
534 670
534 912
44 534
160 534
326 534
368 534
385 534
283 534
534 854
534 707
534 825
97 535
535 829
532 535
2 535
295 535
535 914
58 535
535 622
317 535
535 604
282 535
535 553
535 977
535 699
535 838
174 535
198 535
535 905
535 887
535 787
287 536
536 649
466 536
536 846
537 753
521 537
93 540
103 540
154 540
54 540
128 541
230 541
190 541
279 541
237 541
262 542
3 542
403 542
339 542
110 542
350 542
542 712
542 917
348 542
183 542
542 589
399 542
542 913
90 542
542 714
542 606
96 542
393 543
201 543
543 837
308 543
543 575
543 900
223 543
543 755
8 545
207 545
545 927
545 725
545 598
546 564
59 546
249 546
32 546
546 642
138 546
546 777
125 546
495 546
468 546
23 546
467 546
546 697
475 546
546 695
531 546
9 546
546 608
342 546
546 888
546 813
546 567
546 683
292 546
481 546
407 546
546 809
129 546
284 546
548 969
548 774
548 732
29 548
36 548
302 548
548 770
176 548
548 812
57 548
548 998
548 948
58 548
317 548
157 548
243 548
515 549
316 549
549 601
549 884
159 549
549 635
549 713
105 549
343 549
506 549
529 549
549 902
549 747
172 549
550 728
108 550
550 612
324 550
553 699
198 553
553 838
553 977
554 860
555 786
555 979
358 556
556 779
470 556
556 696
556 672
527 556
273 557
557 702
465 557
109 557
557 582
454 557
557 597
557 679
557 896
70 557
165 557
557 586
557 968
557 768
557 628
392 557
557 602
557 850
558 997
82 558
104 558
77 558
558 967
297 558
558 733
558 660
499 558
473 558
112 558
366 558
558 725
558 665
558 797
558 588
258 558
558 559
558 739
207 558
281 558
166 558
558 789
369 558
558 598
436 558
559 797
559 789
560 890
298 560
560 692
560 834
560 759
146 560
455 560
134 560
560 986
560 686
560 713
560 991
560 571
227 560
560 855
560 644
387 561
333 562
562 752
562 960
562 994
426 562
563 778
27 563
329 563
563 761
563 907
432 563
563 647
563 661
99 563
563 820
380 563
59 564
23 564
546 564
495 564
564 683
125 564
138 564
292 564
564 813
439 564
564 642
32 564
249 564
565 600
565 970
342 567
158 567
467 567
474 567
567 608
475 567
438 567
78 567
32 567
567 642
182 567
413 567
567 629
567 697
567 706
138 567
407 567
567 653
567 796
59 567
567 844
546 567
568 590
106 568
100 568
412 568
568 721
568 638
270 568
568 645
31 568
130 568
568 924
312 569
35 569
321 569
569 993
505 569
76 569
569 669
275 569
569 616
569 921
22 569
569 584
131 571
146 571
571 986
506 571
571 855
571 574
227 571
10 571
571 713
515 571
105 571
571 976
549 571
298 571
572 814
573 614
308 575
379 575
393 575
575 910
575 607
543 575
575 900
575 837
189 575
575 878
575 631
116 575
524 575
53 575
201 575
575 1000
575 836
575 656
435 575
75 575
223 575
94 575
575 972
203 575
420 575
575 873
575 891
24 575
291 575
575 755
575 830
575 893
15 575
293 575
14 575
122 575
487 576
576 877
576 688
576 946
210 577
577 815
577 782
229 577
577 835
142 577
578 672
556 578
578 950
578 779
578 940
578 842
11 578
578 696
433 578
578 602
470 578
358 578
345 578
459 578
578 803
461 578
165 578
168 578
70 578
225 580
580 945
346 580
580 759
580 644
134 580
580 686
580 991
580 799
580 832
580 692
300 580
580 834
455 580
257 580
241 580
387 580
561 580
580 722
88 580
580 853
560 580
580 823
581 828
581 944
477 581
581 700
581 953
175 581
49 581
85 581
457 581
286 581
581 691
581 931
464 581
301 581
469 581
149 581
244 581
581 787
109 582
465 582
454 582
582 586
557 582
273 582
582 768
582 702
30 582
139 582
582 870
310 582
582 628
582 965
582 968
582 698
582 597
582 785
538 582
267 582
582 679
582 880
392 582
341 582
582 896
386 582
494 582
45 582
582 750
70 582
222 582
165 582
582 850
327 583
583 895
89 583
583 805
185 583
583 983
360 583
93 583
583 804
583 717
395 583
583 814
102 583
583 802
572 583
540 583
583 817
493 583
583 625
583 773
54 583
409 583
251 583
167 584
22 584
584 921
584 591
584 918
35 584
552 584
584 616
321 584
226 584
584 993
490 584
312 584
569 584
502 584
584 992
584 758
505 584
76 584
584 669
275 584
41 584
217 584
30 586
582 586
587 599
21 587
61 587
16 587
587 879
487 587
587 662
587 989
289 587
587 877
453 587
319 587
85 587
301 587
132 587
576 587
566 587
587 688
49 587
296 587
587 719
366 588
499 588
588 864
503 588
588 598
588 797
588 789
127 588
207 588
559 588
568 590
590 638
106 590
100 590
270 590
412 590
130 590
590 645
590 924
590 721
81 590
33 590
31 590
42 590
382 592
592 639
178 592
592 703
592 875
462 592
592 849
240 592
592 867
197 592
415 592
508 592
592 984
593 824
57 593
34 593
594 742
398 594
594 996
173 594
501 594
63 594
408 594
594 705
594 851
212 594
594 724
336 594
594 959
332 594
6 594
594 862
233 595
79 595
595 987
595 613
595 721
20 595
412 595
148 595
106 595
19 595
221 595
51 596
20 596
19 596
266 596
596 987
597 896
280 597
273 597
597 602
392 597
165 597
459 597
70 597
557 597
597 808
11 597
503 598
207 598
366 598
588 598
499 598
127 598
511 598
598 927
545 598
598 864
297 598
598 756
598 856
598 797
598 789
215 598
444 598
559 598
8 598
446 598
598 725
558 598
40 598
598 997
473 598
82 598
598 964
104 598
77 598
598 685
598 967
598 733
598 909
21 599
587 599
61 599
565 600
600 970
4 600
600 701
402 600
600 623
80 600
600 694
601 884
316 601
549 601
515 601
601 713
172 601
601 747
159 601
343 601
601 635
60 601
91 601
105 601
62 601
601 902
529 601
506 601
571 601
601 860
131 601
601 744
601 811
601 861
554 601
601 981
146 601
298 601
10 601
245 601
602 896
165 602
70 602
11 602
459 602
597 602
602 808
280 602
578 602
602 790
602 679
168 602
602 672
602 704
25 603
604 905
532 604
174 604
97 604
535 604
286 604
604 914
604 840
381 604
528 604
604 829
2 604
604 839
604 787
295 604
58 604
175 604
604 931
553 604
317 604
604 622
604 699
604 700
354 604
198 604
604 812
604 819
464 604
604 838
282 604
604 977
605 652
605 823
605 722
605 654
561 605
387 605
103 605
357 606
90 606
606 667
272 606
607 631
189 607
607 900
253 609
609 995
74 609
124 609
609 897
294 609
143 609
425 609
609 862
609 867
609 955
352 609
240 609
609 703
340 609
610 678
610 846
466 610
287 610
536 610
17 610
610 668
610 649
66 610
101 610
610 734
338 610
610 934
388 610
261 610
610 715
265 610
448 610
610 643
610 682
610 954
45 610
610 806
334 611
611 982
611 947
611 775
304 611
314 611
194 611
163 611
276 611
349 611
419 611
50 611
611 641
533 611
108 612
550 612
612 911
84 612
612 728
233 613
148 613
595 613
79 613
311 613
613 716
322 615
191 615
615 647
615 761
259 615
615 923
615 661
380 615
329 615
171 615
616 921
616 993
35 616
552 616
22 616
617 651
617 655
617 685
355 618
491 618
486 618
456 618
401 618
618 951
335 618
187 618
26 618
618 748
619 658
243 619
423 619
620 677
250 620
620 939
620 960
213 620
620 752
333 620
331 620
620 673
147 620
620 765
620 634
309 620
39 620
620 894
426 620
620 988
620 801
562 620
620 994
621 886
471 621
200 621
621 646
145 621
25 621
12 621
603 621
510 621
290 621
219 621
347 621
621 667
621 904
357 621
621 971
621 869
216 621
621 708
307 621
606 621
621 798
623 694
623 701
402 623
623 970
80 623
600 623
565 623
4 623
624 735
353 624
384 624
472 624
624 847
72 624
199 624
624 990
624 648
624 680
254 624
624 746
624 841
624 826
579 624
92 624
624 949
624 741
624 882
209 624
493 625
625 802
395 625
625 983
185 625
614 625
625 804
625 659
573 625
318 625
320 625
206 625
626 961
626 689
627 736
627 963
627 633
214 627
627 958
507 627
627 630
627 821
397 627
377 627
362 627
627 727
627 920
87 627
496 627
202 627
628 968
222 628
538 628
628 916
628 768
228 628
454 628
465 628
628 850
109 628
139 628
628 702
628 965
372 628
352 628
628 755
628 891
582 628
434 628
557 628
30 628
628 679
586 628
223 628
143 628
124 628
629 706
629 844
474 629
629 757
158 629
78 629
630 920
630 821
630 963
87 630
630 736
630 930
627 630
162 630
517 630
337 630
630 633
520 630
377 630
214 630
630 958
630 988
630 980
309 630
630 894
507 630
39 630
630 727
450 630
397 630
232 630
362 630
147 630
331 630
630 994
361 630
607 631
189 631
435 631
75 631
631 900
631 972
485 632
181 632
284 632
417 632
315 632
632 888
373 632
632 640
468 632
632 728
531 632
632 653
442 632
550 632
632 697
324 632
390 632
129 632
411 632
205 632
325 632
632 938
608 632
214 633
627 633
39 634
159 635
635 902
529 635
105 635
515 635
635 811
635 981
316 635
549 635
635 764
635 744
91 635
245 635
601 635
343 635
635 819
506 635
62 635
635 884
635 861
635 747
10 635
383 635
172 635
117 635
198 635
635 860
60 635
635 699
539 635
636 727
38 636
397 636
636 958
507 636
496 636
579 636
92 636
232 636
636 736
636 952
627 636
214 636
633 636
636 949
254 636
636 821
636 841
636 999
636 963
636 882
636 745
248 636
353 636
637 751
196 637
263 637
375 637
382 639
178 639
592 639
639 703
240 639
325 640
531 640
632 640
640 888
129 640
205 640
485 640
284 640
181 640
640 938
417 640
468 640
640 695
315 640
9 640
533 641
349 641
334 641
32 642
138 642
475 642
467 642
407 642
59 642
481 642
342 642
338 643
101 643
643 760
643 715
196 643
643 818
150 643
261 643
17 643
643 668
323 643
157 643
643 678
637 643
643 751
610 643
643 846
643 948
269 643
466 643
106 645
568 645
647 761
647 661
647 923
380 647
191 647
322 647
615 647
647 907
329 647
432 647
259 647
171 647
563 647
647 835
585 647
229 647
466 649
650 798
650 868
650 904
650 794
239 650
307 650
376 650
145 650
219 650
71 650
410 650
216 650
650 810
484 650
510 650
650 974
617 651
651 655
356 651
170 651
369 651
651 731
651 685
651 932
651 725
651 665
473 651
152 651
651 723
651 928
651 733
651 943
651 765
8 651
605 652
103 652
391 652
274 652
154 652
170 655
655 731
617 655
651 655
655 685
655 932
356 655
655 765
369 655
152 655
655 725
237 655
655 943
8 655
473 655
655 665
656 873
656 878
53 656
15 656
656 772
394 656
278 656
656 837
277 656
656 664
476 656
656 910
308 656
379 656
203 656
420 656
656 723
575 656
523 656
656 928
656 836
619 658
243 658
423 658
457 658
430 658
658 985
658 770
302 658
36 658
658 812
658 953
658 931
469 658
149 658
261 658
157 658
29 658
658 787
548 658
658 762
658 700
318 659
320 659
422 659
493 659
625 659
659 743
248 659
614 659
573 659
659 802
256 659
659 737
395 659
202 659
281 660
660 967
77 660
660 919
258 660
558 660
660 733
104 660
82 660
660 997
112 660
660 665
647 661
380 661
661 761
661 923
661 907
191 661
322 661
432 661
171 661
615 661
661 835
563 661
229 661
329 661
585 661
259 661
27 661
570 661
661 778
661 730
661 782
99 661
662 989
289 662
453 662
61 662
599 662
21 662
587 662
645 662
278 664
394 664
281 664
664 928
15 664
277 664
664 772
664 723
656 664
523 664
664 873
664 919
664 665
660 664
664 878
356 664
152 664
369 664
53 664
420 664
664 733
476 664
664 943
664 837
664 967
77 664
473 664
651 664
664 932
664 979
369 665
665 733
665 928
473 665
356 665
665 967
665 725
77 665
121 666
183 666
272 666
234 666
348 666
339 666
603 666
350 666
666 936
357 666
606 666
666 667
25 666
666 687
96 666
510 666
666 714
216 666
646 666
262 666
357 667
606 667
646 667
272 667
90 667
12 667
603 667
667 886
667 791
25 667
339 667
667 708
512 667
403 667
510 667
621 667
666 667
183 667
262 667
121 667
667 712
471 667
234 667
200 667
350 667
3 667
216 667
542 667
347 667
348 667
17 668
76 669
505 669
275 669
569 669
451 670
534 670
107 671
231 671
5 671
578 672
672 950
672 940
672 842
556 672
672 696
672 779
470 672
358 672
672 803
345 672
433 672
461 672
11 672
602 672
168 672
527 672
672 843
459 672
165 672
70 672
672 788
250 673
128 673
634 673
673 765
674 807
55 674
674 903
275 674
674 872
83 674
669 674
76 674
674 901
285 674
505 674
569 674
516 675
675 975
518 675
218 675
675 784
522 675
95 676
620 677
678 846
466 678
17 678
610 678
668 678
649 678
287 678
536 678
261 678
101 678
338 678
66 678
643 678
678 715
678 734
678 934
265 678
388 678
448 678
679 702
70 679
165 679
168 679
679 850
340 679
557 679
679 843
679 896
352 679
602 679
680 990
680 826
681 792
682 954
682 934
115 682
448 682
265 682
682 833
498 682
66 682
682 806
494 682
386 682
682 734
45 682
287 682
341 682
252 682
536 682
388 682
1 682
682 785
682 866
610 682
392 682
649 682
224 682
682 846
466 682
682 885
306 682
682 698
682 783
678 682
439 683
23 683
683 956
195 683
292 683
683 813
564 683
137 683
626 683
59 683
495 683
208 683
683 961
125 683
481 683
684 795
134 686
686 991
346 686
225 686
455 686
580 686
686 759
300 686
686 692
686 834
644 686
686 945
686 722
96 687
687 720
687 714
687 857
348 687
687 793
121 687
350 687
687 913
183 687
399 687
687 917
666 687
576 688
296 688
688 946
487 688
566 688
688 877
688 879
16 688
61 688
21 688
599 688
587 688
688 719
453 688
626 689
689 961
367 689
292 689
195 689
439 689
246 689
689 956
137 689
683 689
259 689
689 899
140 689
495 689
125 689
690 865
690 709
370 690
500 690
519 690
690 941
359 690
371 690
508 690
415 690
690 971
690 729
690 800
504 690
462 690
690 849
220 690
456 690
75 690
290 690
435 690
197 690
94 690
291 690
24 690
690 831
690 972
690 869
247 690
690 875
431 690
690 1000
491 690
484 690
592 690
347 690
524 690
631 690
200 690
639 690
618 690
382 690
189 690
424 691
49 691
301 691
244 691
691 716
692 834
560 692
692 759
134 692
692 890
686 692
298 692
455 692
692 991
644 692
580 692
225 692
346 692
146 692
692 799
692 986
227 692
692 945
693 962
255 693
9 695
695 809
695 777
695 966
249 695
129 695
531 695
325 695
125 695
495 695
695 888
546 695
458 695
140 695
445 695
564 695
468 695
428 695
640 695
695 898
292 695
284 695
246 695
144 695
698 880
698 870
698 785
388 698
310 698
45 698
698 734
386 698
66 698
494 698
269 698
341 698
698 715
586 698
323 698
582 698
698 935
698 934
150 698
273 698
101 698
267 698
698 818
698 954
374 698
610 698
698 833
338 698
109 698
392 698
682 698
30 698
198 699
553 699
175 700
402 701
701 970
694 701
623 701
600 701
4 701
565 701
80 701
557 702
679 702
465 702
109 702
70 702
454 702
702 968
702 850
165 702
273 702
582 702
628 702
702 896
597 702
702 768
168 702
352 702
228 702
222 702
602 702
340 702
586 702
538 702
702 843
702 916
143 702
139 702
639 703
240 703
178 703
382 703
592 703
703 867
703 984
425 703
703 849
703 875
462 703
124 703
415 703
197 703
508 703
253 703
609 703
74 703
703 729
703 941
703 852
703 869
703 995
143 703
359 703
347 703
434 703
703 709
228 703
291 703
24 703
705 851
332 705
398 705
212 705
705 742
629 706
706 757
706 844
385 707
209 707
326 707
707 741
451 707
707 854
670 707
648 707
707 746
72 707
368 707
416 707
534 707
707 841
254 707
707 952
707 912
707 745
44 707
160 707
708 791
512 708
12 708
708 852
90 708
357 708
667 708
606 708
646 708
347 708
708 886
365 708
403 708
471 708
708 712
708 869
200 708
708 984
425 708
621 708
272 708
339 708
290 708
3 708
603 708
262 708
74 708
708 729
336 708
709 941
690 709
370 709
710 892
710 711
711 822
56 711
711 892
710 711
551 711
711 766
268 711
711 816
711 784
114 711
18 711
102 711
251 711
711 717
360 711
288 711
711 817
409 711
218 711
675 711
516 711
711 937
3 712
403 712
262 712
512 712
542 712
110 712
336 712
90 712
339 712
712 791
606 712
365 712
408 712
708 712
357 712
705 712
350 712
667 712
272 712
183 712
589 712
712 851
712 917
348 712
713 884
601 713
549 713
298 713
571 713
515 713
316 713
146 713
713 890
131 713
713 986
560 713
506 713
105 713
159 713
172 713
635 713
713 747
343 713
60 713
713 855
96 714
714 720
687 714
714 857
348 714
714 793
714 913
350 714
399 714
714 917
121 714
183 714
542 714
339 714
262 714
666 714
272 714
238 714
311 716
424 716
360 717
102 717
717 817
268 717
717 892
327 717
251 717
56 717
717 766
583 717
717 822
395 717
711 717
718 925
313 718
411 718
463 718
48 718
390 718
442 718
719 753
136 719
719 877
453 719
537 719
719 946
521 719
576 719
487 719
289 719
714 720
96 720
720 857
387 722
300 722
561 722
722 823
722 853
605 722
722 991
346 722
429 722
654 722
686 722
225 722
455 722
652 722
134 722
274 722
173 724
724 862
408 724
724 897
724 742
398 724
63 724
594 724
336 724
365 724
724 955
724 996
74 724
6 724
634 726
95 726
128 726
676 726
39 726
230 726
673 726
541 726
279 726
309 726
250 726
727 958
38 727
636 727
397 727
507 727
496 727
232 727
727 736
627 727
727 821
579 727
214 727
633 727
727 963
550 728
315 728
373 728
359 729
729 941
508 729
729 869
370 729
290 729
347 729
729 849
709 729
99 730
170 731
655 731
731 932
651 731
617 731
731 765
356 731
685 731
732 969
732 774
548 732
176 732
29 732
57 732
732 998
36 732
302 732
732 770
317 732
732 948
593 732
58 732
34 732
179 732
7 732
732 812
157 732
473 733
66 734
627 736
736 963
633 736
214 736
736 958
736 821
630 736
507 736
397 736
727 736
377 736
736 920
202 737
256 737
422 737
362 737
248 737
318 737
737 845
214 737
633 737
377 737
659 737
364 738
492 738
120 738
738 740
344 738
738 933
418 738
738 937
522 738
663 738
738 975
738 769
405 738
107 738
288 738
738 749
738 883
738 763
404 738
513 738
52 738
98 738
671 738
739 908
166 739
112 739
263 739
258 739
375 739
555 739
104 739
637 739
82 739
739 786
739 997
196 739
739 979
660 739
436 739
558 739
739 771
739 760
739 919
739 751
77 739
738 740
364 740
492 740
120 740
663 740
740 933
344 740
107 740
418 740
740 937
98 740
740 883
404 740
671 740
405 740
740 763
288 740
522 740
513 740
740 769
740 975
740 749
271 740
740 776
5 740
231 740
52 740
209 741
648 741
72 741
707 741
741 746
385 741
741 841
254 741
735 741
624 741
326 741
741 854
398 742
594 742
173 742
408 742
705 742
501 742
742 851
742 996
63 742
724 742
336 742
212 742
332 742
742 862
742 959
110 742
320 743
46 743
318 743
400 743
248 743
659 743
437 743
422 743
202 743
151 743
737 743
496 743
493 743
256 743
744 861
117 744
62 744
744 978
91 744
744 860
554 744
744 902
657 744
744 819
343 744
159 744
126 744
744 839
635 744
528 744
744 981
744 747
744 811
744 764
72 746
746 841
254 746
648 746
209 746
172 747
343 747
60 747
91 747
62 747
747 860
748 951
401 748
64 748
486 748
52 749
749 769
405 749
749 933
513 749
120 749
749 763
364 749
738 749
344 749
492 749
522 749
740 749
749 975
663 749
107 749
750 973
260 750
267 750
751 948
637 751
157 751
196 751
751 998
375 751
263 751
333 752
752 960
752 939
562 752
147 752
213 752
620 752
677 752
752 994
426 752
752 894
331 752
250 752
752 988
752 801
309 752
39 752
447 752
673 752
337 752
634 752
752 930
752 765
162 752
87 752
726 752
463 752
752 938
752 925
752 980
242 754
363 754
754 962
211 754
255 754
693 754
396 754
372 755
223 755
755 891
201 755
538 755
755 965
543 755
544 755
139 755
434 755
755 916
755 768
393 755
222 755
756 927
511 756
444 756
40 756
215 756
756 856
756 964
756 909
8 756
545 756
503 756
598 756
207 756
756 858
47 756
190 756
236 756
237 756
127 756
756 827
756 874
279 756
67 756
706 757
757 844
629 757
757 871
758 992
217 758
758 918
490 758
552 758
440 762
149 762
488 762
469 762
762 985
430 762
526 762
513 763
405 763
18 766
268 766
766 816
251 766
551 766
56 766
766 822
711 766
102 766
409 766
114 766
766 863
717 766
766 892
164 766
360 766
288 766
441 767
141 767
118 767
180 767
767 957
123 767
539 767
482 767
767 887
305 767
177 767
389 767
139 768
749 769
52 769
405 769
769 933
120 769
344 769
364 769
738 769
522 769
492 769
513 769
763 769
769 975
740 769
769 937
418 769
663 769
516 769
107 769
675 769
36 770
29 770
302 770
548 770
243 770
619 770
770 969
770 812
658 770
157 770
423 770
770 774
732 770
770 948
457 770
176 770
770 787
770 931
770 998
751 770
58 770
430 770
436 771
497 771
375 771
771 998
7 771
559 771
637 771
263 771
771 789
751 771
771 797
732 774
774 969
548 774
176 774
29 774
36 774
57 774
302 774
770 774
317 774
774 998
5 776
231 776
133 776
671 776
249 777
695 777
9 777
563 778
778 820
27 778
329 778
443 778
547 778
99 778
778 899
761 778
778 907
432 778
647 778
661 778
259 778
730 778
778 848
778 898
556 779
433 779
358 779
578 779
527 779
779 788
672 779
470 779
696 779
11 779
779 803
414 780
155 780
67 780
780 874
188 780
780 929
389 780
305 780
780 827
54 780
69 780
236 780
773 780
780 858
118 780
141 780
47 780
780 856
509 780
154 780
215 780
540 780
206 780
127 780
780 805
192 781
86 781
48 781
313 781
463 781
476 781
293 781
203 781
781 943
718 781
235 781
781 801
152 781
781 932
781 836
781 925
14 781
772 781
411 781
781 873
53 781
277 781
426 781
390 781
782 815
577 782
229 782
210 782
730 782
432 782
782 835
782 907
224 783
252 783
783 866
349 783
45 785
388 785
698 785
386 785
494 785
734 785
785 870
785 880
66 785
341 785
555 786
786 979
374 786
258 786
166 786
786 935
269 786
323 786
786 908
786 919
739 786
786 818
150 786
760 786
786 973
260 786
112 786
523 786
267 786
263 786
750 786
196 786
660 786
310 786
715 786
375 786
637 786
281 786
433 788
50 788
779 788
419 788
358 788
194 788
314 788
527 788
276 788
556 788
789 797
559 789
446 789
588 789
789 864
436 789
366 789
499 789
704 790
790 808
459 790
11 790
280 790
708 791
512 791
90 791
12 791
606 791
791 852
357 791
667 791
403 791
712 791
365 791
646 791
421 792
681 792
792 859
589 792
332 792
525 792
238 792
212 792
792 851
705 792
110 792
792 917
501 792
793 857
720 793
793 913
714 793
96 793
399 793
687 793
793 917
348 793
794 798
650 794
410 794
239 794
71 794
794 904
794 810
794 868
219 794
484 794
145 794
376 794
247 794
684 795
361 795
450 795
795 872
83 795
795 903
795 980
559 797
789 797
446 797
588 797
499 797
798 904
650 798
794 798
145 798
219 798
71 798
798 868
307 798
410 798
484 798
239 798
798 810
247 798
216 798
644 799
799 945
759 799
580 799
257 799
799 832
799 834
225 799
692 799
504 800
247 800
484 800
800 971
220 800
71 800
519 800
370 800
219 800
290 800
690 800
800 810
359 800
491 800
456 800
709 800
410 800
145 800
200 800
371 800
500 800
800 941
471 800
426 801
213 801
801 960
333 801
463 801
752 801
801 939
677 801
493 802
625 802
395 802
802 983
185 802
802 804
659 802
614 802
470 803
696 803
113 803
556 803
358 803
527 803
452 803
803 950
803 940
479 803
204 803
672 803
803 842
779 803
185 804
804 983
206 804
509 804
89 805
265 806
448 806
115 806
806 885
682 806
806 934
536 806
806 954
806 866
489 806
287 806
252 806
649 806
224 806
449 806
530 806
66 806
674 807
275 807
55 807
807 903
807 872
669 807
76 807
83 807
807 901
505 807
569 807
459 808
790 808
704 808
280 808
11 808
602 808
597 808
808 896
306 808
419 808
276 808
809 966
9 809
695 809
777 809
129 809
249 809
325 809
125 809
531 809
495 809
458 809
140 809
445 809
428 809
809 898
410 810
71 810
247 810
484 810
401 810
794 810
220 810
491 810
504 810
748 810
810 951
219 810
800 810
64 810
798 810
618 810
456 810
73 810
239 810
486 810
145 810
519 810
650 810
810 904
335 810
193 810
355 810
810 971
810 974
810 868
328 810
371 810
187 810
811 981
764 811
529 811
811 902
105 811
635 811
245 811
302 812
787 812
812 931
36 812
770 812
457 812
548 812
243 812
619 812
58 812
658 812
774 812
208 813
23 813
481 813
59 813
43 813
138 813
683 813
407 813
135 813
813 956
564 813
642 813
439 813
32 813
475 813
195 813
813 906
137 813
467 813
292 813
119 813
546 813
153 813
572 814
814 895
409 814
782 815
577 815
210 815
229 815
815 835
730 815
432 815
815 907
585 815
142 815
570 815
380 815
99 815
217 815
27 815
171 815
18 816
766 816
551 816
268 816
251 816
816 822
56 816
409 816
114 816
711 816
816 863
288 816
102 816
164 816
404 816
816 883
816 937
717 817
360 817
150 818
323 818
760 818
715 818
269 818
338 818
101 818
643 818
196 818
786 818
555 818
374 818
818 880
818 935
310 818
818 908
637 818
818 979
166 818
263 818
698 818
17 818
388 818
739 818
610 818
818 870
261 818
198 819
764 819
699 819
819 981
819 839
553 819
819 902
811 819
383 819
528 819
819 838
744 819
819 977
819 914
529 819
635 819
2 819
159 819
622 819
295 819
819 861
282 819
117 819
539 819
819 829
819 978
105 819
123 819
245 819
62 819
819 887
174 819
91 819
535 819
126 819
532 819
180 819
515 819
604 819
657 819
343 819
97 819
443 820
630 821
821 920
736 821
627 821
821 963
520 821
821 958
232 821
517 821
727 821
38 821
87 821
821 930
633 821
214 821
397 821
56 822
711 822
561 823
387 823
823 853
722 823
300 823
605 823
654 823
111 823
652 823
346 823
823 881
823 991
65 823
225 823
429 823
686 823
593 824
13 824
303 824
34 824
177 824
57 824
317 824
824 915
482 824
824 887
179 824
176 824
282 824
622 824
478 824
295 824
58 824
7 824
824 829
441 824
535 824
2 824
824 977
774 824
732 824
123 824
824 838
97 824
553 824
824 969
497 824
283 825
518 825
218 825
44 825
160 825
416 825
784 825
675 825
534 825
825 912
516 825
710 825
451 825
670 825
680 826
826 990
199 826
472 826
735 826
624 826
826 847
236 827
827 874
67 827
827 858
47 827
414 827
509 827
773 827
477 828
581 828
828 953
828 944
700 828
2 829
295 829
535 829
829 914
622 829
97 829
282 829
553 829
532 829
829 977
829 838
699 829
198 829
317 829
829 887
58 829
604 829
174 829
383 829
829 839
528 829
819 829
824 829
123 829
829 905
593 829
539 829
57 829
764 829
122 830
830 893
116 830
14 830
330 830
84 830
830 911
830 831
830 1000
235 830
830 836
431 830
94 830
524 830
257 832
88 832
832 945
156 832
241 832
580 832
644 832
799 832
406 832
225 832
460 832
346 832
759 832
480 832
832 889
498 833
341 833
833 954
494 833
682 833
386 833
392 833
115 833
1 833
45 833
833 934
252 833
306 833
785 833
448 833
66 833
734 833
265 833
388 833
280 833
806 833
692 834
560 834
759 834
834 890
134 834
298 834
686 834
644 834
455 834
580 834
799 834
834 991
225 834
346 834
293 836
203 836
14 836
116 836
235 836
836 893
836 910
379 836
192 836
53 836
476 836
830 836
86 836
122 836
308 836
48 836
836 873
575 836
781 836
838 977
528 839
381 840
354 840
840 905
174 840
286 840
604 840
464 840
254 841
746 841
72 841
92 841
841 952
648 841
209 841
841 854
579 841
624 841
745 841
741 841
707 841
385 841
735 841
841 999
636 841
368 841
353 841
384 841
841 949
38 841
842 940
842 950
672 842
461 842
345 842
578 842
696 842
168 843
340 843
345 843
757 844
629 844
706 844
844 871
335 844
474 844
187 844
466 846
384 847
353 847
472 847
462 849
508 849
415 849
592 849
639 849
382 849
849 941
178 849
849 875
729 849
703 849
849 984
240 849
352 850
228 850
850 968
143 850
679 850
222 850
628 850
702 850
340 850
850 995
124 850
850 916
294 850
168 850
843 850
465 850
538 850
70 850
557 850
454 850
165 850
850 867
109 850
768 850
609 850
253 850
345 850
434 850
582 850
705 851
332 851
212 851
501 851
398 851
742 851
594 851
110 851
421 851
792 851
336 851
681 851
589 851
408 851
561 853
823 853
387 853
654 853
722 853
300 853
111 853
65 853
605 853
853 881
346 853
241 853
225 853
853 991
686 853
652 853
580 853
368 854
745 854
385 854
854 952
670 854
707 854
451 854
746 854
854 999
841 854
254 854
326 854
854 912
209 854
72 854
534 854
92 854
416 854
741 854
648 854
160 854
227 855
215 856
511 856
856 858
236 856
756 856
856 927
47 856
827 856
856 874
67 856
127 856
720 857
793 857
96 857
714 857
687 857
47 858
236 858
827 858
858 874
67 858
509 858
215 858
856 858
206 858
792 859
421 859
681 859
589 859
525 859
238 859
554 860
62 860
91 860
343 860
860 861
747 860
117 860
60 860
172 860
744 860
657 860
860 978
117 861
744 861
62 861
724 862
862 897
74 862
365 862
173 862
408 862
164 863
409 863
863 881
18 863
251 863
816 863
404 863
127 864
588 864
446 864
789 864
366 864
797 864
503 864
499 864
559 864
598 864
207 864
511 864
436 864
690 865
500 865
709 865
519 865
371 865
415 865
75 865
865 941
435 865
370 865
94 865
508 865
291 865
24 865
865 972
359 865
831 865
462 865
865 1000
197 865
524 865
865 971
631 865
431 865
849 865
729 865
456 865
189 865
865 875
800 865
504 865
220 865
607 865
592 865
224 866
252 866
703 867
178 867
382 867
124 867
639 867
592 867
240 867
867 875
253 867
867 995
425 867
143 867
609 867
462 867
849 867
228 867
197 867
867 984
352 867
376 868
347 869
729 869
698 870
310 870
870 880
187 871
335 871
486 871
355 871
757 871
844 871
26 871
871 951
618 871
706 871
748 871
629 871
401 871
64 871
872 903
83 872
795 872
674 872
772 873
67 874
827 874
236 874
414 874
858 874
47 874
780 874
773 874
509 874
856 874
215 874
37 876
186 876
132 876
464 876
319 876
354 876
565 876
487 877
576 877
453 877
719 877
61 877
877 946
837 878
656 878
53 878
308 878
878 910
873 878
15 878
379 878
575 878
420 878
772 878
278 878
543 878
394 878
393 878
203 878
664 878
277 878
476 878
836 878
544 878
116 878
698 880
870 880
310 880
388 880
785 880
269 880
45 880
734 880
111 881
164 881
654 881
863 881
65 881
572 881
814 881
853 881
409 881
404 883
601 884
316 884
549 884
489 885
646 886
282 887
123 887
887 977
622 887
838 887
539 887
383 887
441 887
553 887
295 887
699 887
198 887
2 887
824 887
284 888
468 888
531 888
417 888
632 888
485 888
129 888
640 888
697 888
249 888
325 888
653 888
695 888
777 888
9 888
546 888
181 888
608 888
460 889
406 889
480 889
298 890
560 890
834 890
692 890
713 890
146 890
890 986
759 890
571 890
455 890
134 890
223 891
201 891
434 891
755 891
372 891
891 916
538 891
891 900
543 891
222 891
393 891
14 893
830 893
894 994
147 894
894 988
331 894
752 894
337 894
309 894
894 939
894 930
333 894
562 894
894 960
162 894
583 895
327 895
814 895
572 895
597 896
602 896
165 896
70 896
459 896
280 896
11 896
808 896
273 896
557 896
679 896
702 896
392 896
897 955
862 897
724 897
609 897
253 897
74 897
294 897
173 897
897 995
6 897
63 897
461 897
428 898
458 898
144 898
445 898
848 898
547 898
514 898
898 901
140 898
898 966
246 899
140 899
547 899
607 900
631 900
393 900
201 900
189 900
900 972
435 900
75 900
543 900
575 900
24 900
291 900
223 900
891 900
524 900
308 900
434 900
900 1000
755 900
379 900
197 900
94 900
900 910
837 900
372 900
875 900
116 900
878 900
900 916
514 901
848 901
144 901
669 901
76 901
505 901
445 901
807 901
275 901
898 901
83 901
428 901
674 901
901 903
872 901
458 901
443 901
569 901
312 901
820 901
901 993
547 901
35 901
902 981
635 902
811 902
529 902
159 902
764 902
105 902
819 902
744 902
515 902
245 902
383 902
316 902
198 902
549 902
91 902
62 902
861 902
699 902
506 902
872 903
83 903
674 903
807 903
798 904
145 904
650 904
307 904
219 904
794 904
510 904
216 904
71 904
621 904
868 904
25 904
484 904
604 905
174 905
286 905
381 905
840 905
119 906
135 906
153 906
43 906
796 906
407 906
481 906
264 906
483 906
208 906
438 906
475 906
432 907
229 907
380 907
835 907
661 907
27 907
647 907
907 923
730 907
761 907
563 907
782 907
585 907
171 907
99 907
815 907
577 907
329 907
778 907
570 907
191 907
322 907
210 907
615 907
739 908
166 908
263 908
112 908
258 908
375 908
909 964
190 909
40 909
237 909
444 909
379 910
308 910
575 910
53 910
878 910
116 910
836 910
837 910
203 910
393 910
656 910
873 910
293 910
543 910
607 910
189 910
524 910
14 910
476 910
893 910
900 910
235 910
631 910
830 910
910 1000
192 910
772 910
15 910
122 910
84 911
612 911
330 911
122 911
108 911
830 911
893 911
26 911
550 911
14 911
431 911
235 911
324 911
728 911
871 911
831 911
355 911
187 911
757 911
116 911
390 911
335 911
836 911
486 911
94 911
911 1000
618 911
399 913
913 917
793 913
714 913
720 913
96 913
857 913
348 913
687 913
350 913
238 913
542 913
589 913
183 913
262 913
525 913
121 913
859 913
339 913
110 913
421 913
792 913
2 914
829 914
295 914
553 914
535 914
699 914
622 914
532 914
198 914
97 914
838 914
914 977
282 914
839 914
528 914
604 914
174 914
819 914
383 914
887 914
905 914
58 914
303 915
478 915
13 915
177 915
34 915
179 915
482 915
7 915
593 915
824 915
497 915
57 915
446 915
222 916
538 916
228 916
628 916
916 968
434 916
552 918
918 921
22 918
591 918
167 918
616 918
584 918
918 992
490 918
918 993
35 918
226 918
758 918
312 918
217 918
321 918
569 918
523 919
281 919
919 979
660 919
258 919
664 919
555 919
616 921
22 921
552 921
35 921
918 921
921 993
584 921
167 921
312 921
321 921
591 921
569 921
490 921
449 922
489 922
661 923
380 923
171 923
647 923
322 923
81 924
33 924
638 924
270 924
42 924
590 924
130 924
100 924
568 924
136 924
106 924
537 924
645 924
266 926
533 926
349 926
224 926
511 927
756 927
444 927
40 927
545 927
215 927
207 927
598 927
503 927
856 927
927 964
8 927
909 927
127 927
366 927
858 927
588 927
499 927
237 927
190 927
47 927
236 927
864 927
297 927
685 927
665 928
723 928
69 929
305 929
780 929
118 929
389 929
162 930
87 930
337 930
930 988
920 930
894 930
630 930
930 994
147 930
309 930
517 930
331 930
930 980
39 930
450 930
930 963
821 930
361 930
377 930
634 930
627 930
736 930
752 930
930 939
562 930
333 930
930 960
95 930
684 930
787 931
812 931
175 931
700 931
457 931
931 953
302 931
120 933
738 933
364 933
405 933
769 933
492 933
749 933
344 933
740 933
763 933
52 933
513 933
663 933
107 933
522 933
682 934
934 954
448 934
66 934
265 934
734 934
287 934
536 934
115 934
806 934
45 934
388 934
610 934
386 934
833 934
494 934
785 934
498 934
846 934
649 934
466 934
341 934
678 934
374 935
267 935
234 936
216 936
307 936
510 936
25 936
666 936
603 936
272 936
121 936
904 936
646 936
418 937
288 937
344 937
492 937
937 975
522 937
364 937
738 937
404 937
883 937
114 937
740 937
120 937
551 937
516 937
933 937
675 937
816 937
769 937
784 937
18 937
766 937
663 937
939 960
752 939
333 939
620 939
677 939
213 939
147 939
331 939
250 939
894 939
562 939
939 994
426 939
939 988
309 939
801 939
39 939
673 939
634 939
765 939
337 939
726 939
930 939
447 939
87 939
162 939
128 939
940 950
842 940
672 940
696 940
461 940
578 940
345 940
470 940
803 940
556 940
6 940
843 940
508 941
359 941
729 941
709 941
370 941
184 942
299 942
483 942
264 942
581 944
580 945
644 945
832 945
799 945
225 945
257 945
759 945
346 945
576 946
688 946
877 946
487 946
719 946
194 947
611 947
314 947
334 947
947 982
50 947
775 947
304 947
276 947
419 947
163 947
788 947
641 947
751 948
157 948
29 948
948 998
637 948
882 949
353 949
384 949
579 949
232 949
847 949
285 949
38 949
624 949
41 949
472 949
92 949
636 949
727 949
55 949
254 949
949 958
520 949
841 949
735 949
821 949
502 949
940 950
842 950
672 950
748 951
401 951
486 951
335 951
618 951
187 951
64 951
491 951
355 951
871 951
73 951
456 951
193 951
844 951
745 952
952 999
854 952
841 952
92 952
254 952
700 953
457 953
175 953
828 953
581 953
931 953
682 954
934 954
833 954
115 954
448 954
265 954
498 954
494 954
66 954
386 954
734 954
45 954
806 954
341 954
195 956
137 956
439 956
683 956
956 961
23 956
626 956
813 956
292 956
208 956
727 958
397 958
507 958
38 958
736 958
636 958
627 958
496 958
214 958
633 958
958 963
821 958
232 958
630 958
501 959
959 996
212 959
594 959
63 959
742 959
398 959
204 959
479 959
452 959
752 960
333 960
939 960
213 960
620 960
677 960
562 960
426 960
147 960
331 960
960 994
894 960
250 960
801 960
960 988
309 960
673 960
39 960
447 960
634 960
765 960
337 960
930 960
255 962
909 964
40 964
444 964
190 964
237 964
8 964
756 964
541 964
927 964
230 964
545 964
279 964
128 964
511 964
685 964
139 965
30 965
768 965
372 965
538 965
755 965
750 965
586 965
544 965
454 965
267 965
628 965
260 965
965 973
109 965
465 965
809 966
77 967
733 967
558 967
967 997
660 967
628 968
222 968
228 968
916 968
538 968
850 968
768 968
465 968
454 968
702 968
109 968
352 968
139 968
679 968
557 968
732 969
774 969
548 969
29 969
176 969
36 969
969 998
770 969
302 969
57 969
948 969
157 969
600 970
701 970
402 970
4 970
565 970
623 970
694 970
80 970
186 970
378 970
37 970
354 970
876 970
566 970
126 970
657 970
132 970
296 970
24 972
291 972
435 972
75 972
631 972
197 972
607 972
900 972
189 972
875 972
415 972
524 972
434 972
462 972
865 972
972 1000
201 972
94 972
891 972
393 972
223 972
592 972
260 973
750 973
267 973
935 973
544 973
374 973
420 973
973 979
30 973
523 973
965 973
786 973
139 973
919 973
310 973
586 973
555 973
269 973
522 975
344 975
516 975
937 975
418 975
675 975
492 975
288 975
364 975
114 975
738 975
769 975
120 975
933 975
784 975
740 975
551 975
749 975
404 975
883 975
518 975
218 975
405 975
429 976
574 976
957 976
855 976
227 976
274 976
131 976
10 976
976 986
506 976
571 976
146 976
245 976
180 976
455 976
391 976
838 977
553 977
282 977
699 977
622 977
198 977
117 978
126 978
657 978
861 978
744 978
554 978
378 978
62 978
860 978
839 978
528 978
91 978
343 978
819 978
747 978
902 978
159 978
786 979
555 979
919 979
374 979
258 979
523 979
935 979
166 979
973 979
260 979
908 979
739 979
269 979
450 980
361 980
517 980
684 980
337 980
162 980
795 980
920 980
930 980
980 994
520 980
894 980
630 980
87 980
980 988
872 980
938 980
811 981
764 981
902 981
529 981
819 981
635 981
383 981
105 981
159 981
245 981
198 981
699 981
539 981
553 981
838 981
977 981
744 981
515 981
775 982
611 982
304 982
334 982
163 982
947 982
349 982
314 982
533 982
276 982
641 982
783 982
194 982
419 982
50 982
306 982
1 982
224 982
252 982
704 982
866 982
790 982
788 982
185 983
804 983
625 983
802 983
430 985
469 985
149 985
762 985
658 985
423 985
619 985
440 985
243 985
457 985
488 985
953 985
261 985
477 985
828 985
668 985
526 985
146 986
855 986
227 986
571 986
131 986
20 987
19 987
595 987
51 987
721 987
412 987
31 987
147 988
894 988
331 988
309 988
988 994
930 988
87 988
39 988
337 988
162 988
939 988
752 988
634 988
960 988
333 988
620 988
677 988
562 988
250 988
920 988
662 989
289 989
599 989
61 989
453 989
587 989
21 989
680 990
199 990
826 990
735 990
758 992
217 992
918 992
552 992
591 992
490 992
35 993
616 993
312 993
921 993
569 993
22 993
321 993
552 993
584 993
505 993
918 993
76 993
669 993
167 993
275 993
591 993
894 994
147 994
988 994
562 994
752 994
331 994
337 994
333 994
960 994
939 994
162 994
930 994
309 994
87 994
620 994
677 994
39 994
426 994
980 994
213 994
250 994
450 994
361 994
634 994
517 994
920 994
447 994
938 994
801 994
630 994
673 994
684 994
726 994
95 994
82 997
558 997
104 997
732 998
969 998
771 998
497 998
948 998
7 998
29 998
774 998
751 998
179 998
176 998
548 998
57 998
478 998
34 998
436 998
637 998
157 998
375 998
770 998
36 998
593 998
745 999
952 999
368 999
854 999
151 999
46 999
437 999
92 999
496 999
400 999
